# Temperature = -10.0
4.30e+32	1.40e+08	5.81e+07	4.15e-01
6.80e+32	1.41e+08	5.94e+07	4.21e-01
1.08e+33	1.42e+08	6.06e+07	4.28e-01
1.71e+33	1.42e+08	6.14e+07	4.32e-01
2.71e+33	1.43e+08	6.21e+07	4.33e-01
4.30e+33	1.44e+08	6.28e+07	4.36e-01
6.80e+33	1.44e+08	6.34e+07	4.39e-01
1.08e+34	1.45e+08	6.39e+07	4.41e-01
1.71e+34	1.45e+08	6.45e+07	4.45e-01
2.71e+34	1.45e+08	6.52e+07	4.49e-01
4.30e+34	1.45e+08	6.61e+07	4.57e-01
# Temperature = -5.0
6.35e+24	1.22e+08	5.16e+07	4.23e-01
1.00e+25	1.22e+08	5.29e+07	4.33e-01
1.59e+25	1.22e+08	5.41e+07	4.43e-01
2.53e+25	1.22e+08	5.48e+07	4.48e-01
4.00e+25	1.23e+08	5.55e+07	4.52e-01
6.35e+25	1.23e+08	5.62e+07	4.57e-01
1.00e+26	1.23e+08	5.65e+07	4.59e-01
1.59e+26	1.23e+08	5.69e+07	4.62e-01
2.53e+26	1.23e+08	5.73e+07	4.66e-01
4.00e+26	1.23e+08	5.77e+07	4.70e-01
6.35e+26	1.22e+08	5.82e+07	4.78e-01
# Temperature = 0.0
2.81e+19	1.06e+08	4.44e+07	4.18e-01
4.45e+19	1.06e+08	4.56e+07	4.29e-01
7.07e+19	1.06e+08	4.64e+07	4.36e-01
1.12e+20	1.06e+08	4.72e+07	4.44e-01
1.78e+20	1.06e+08	4.76e+07	4.49e-01
2.81e+20	1.06e+08	4.81e+07	4.53e-01
4.45e+20	1.06e+08	4.82e+07	4.55e-01
7.07e+20	1.06e+08	4.83e+07	4.57e-01
1.12e+21	1.05e+08	4.84e+07	4.59e-01
1.78e+21	1.05e+08	4.85e+07	4.62e-01
2.81e+21	1.04e+08	4.87e+07	4.67e-01
# Temperature = 5.0
3.62e+15	9.19e+07	3.61e+07	3.93e-01
5.72e+15	9.18e+07	3.67e+07	3.99e-01
9.09e+15	9.15e+07	3.73e+07	4.07e-01
1.44e+16	9.14e+07	3.75e+07	4.10e-01
2.29e+16	9.15e+07	3.79e+07	4.14e-01
3.62e+16	9.14e+07	3.79e+07	4.15e-01
5.72e+16	9.12e+07	3.78e+07	4.15e-01
9.09e+16	9.12e+07	3.79e+07	4.15e-01
1.44e+17	9.14e+07	3.80e+07	4.16e-01
2.29e+17	9.11e+07	3.78e+07	4.15e-01
3.62e+17	9.08e+07	3.77e+07	4.14e-01
# Temperature = 10.0
4.02e+12	9.53e+07	2.59e+07	2.71e-01
6.35e+12	9.58e+07	2.54e+07	2.65e-01
1.01e+13	9.64e+07	2.53e+07	2.62e-01
1.60e+13	9.69e+07	2.51e+07	2.59e-01
2.53e+13	9.75e+07	2.52e+07	2.59e-01
4.02e+13	9.76e+07	2.44e+07	2.50e-01
6.35e+13	9.85e+07	2.47e+07	2.51e-01
1.01e+14	9.91e+07	2.48e+07	2.50e-01
1.60e+14	9.91e+07	2.41e+07	2.43e-01
2.53e+14	9.96e+07	2.41e+07	2.42e-01
4.02e+14	9.98e+07	2.38e+07	2.39e-01
# Temperature = 15.0
2.77e+07	1.50e+08	3.10e+07	2.07e-01
4.38e+07	1.53e+08	2.97e+07	1.95e-01
6.95e+07	1.54e+08	2.86e+07	1.85e-01
1.10e+08	1.56e+08	2.79e+07	1.78e-01
1.75e+08	1.57e+08	2.70e+07	1.72e-01
2.77e+08	1.59e+08	2.67e+07	1.68e-01
4.38e+08	1.60e+08	2.62e+07	1.63e-01
6.95e+08	1.62e+08	2.59e+07	1.60e-01
1.10e+09	1.62e+08	2.57e+07	1.59e-01
1.75e+09	1.62e+08	2.55e+07	1.57e-01
2.77e+09	1.62e+08	2.56e+07	1.58e-01
# Temperature = 20.0
1.48e+06	1.04e+08	4.31e+07	4.14e-01
2.34e+06	1.14e+08	4.16e+07	3.65e-01
3.71e+06	1.23e+08	3.97e+07	3.23e-01
5.89e+06	1.31e+08	3.75e+07	2.86e-01
9.34e+06	1.38e+08	3.55e+07	2.57e-01
1.48e+07	1.44e+08	3.36e+07	2.33e-01
2.34e+07	1.50e+08	3.17e+07	2.12e-01
3.71e+07	1.53e+08	3.05e+07	2.00e-01
5.89e+07	1.55e+08	2.93e+07	1.89e-01
9.34e+07	1.58e+08	2.81e+07	1.77e-01
1.48e+08	1.61e+08	2.67e+07	1.67e-01
# Temperature = 25.0
2.89e+04	1.89e+07	2.21e+07	1.17e+00
4.57e+04	2.51e+07	2.69e+07	1.07e+00
7.25e+04	3.30e+07	3.17e+07	9.63e-01
1.15e+05	4.22e+07	3.62e+07	8.56e-01
1.82e+05	5.34e+07	4.00e+07	7.49e-01
2.89e+05	6.53e+07	4.26e+07	6.53e-01
4.57e+05	7.73e+07	4.40e+07	5.70e-01
7.25e+05	8.87e+07	4.43e+07	4.98e-01
1.15e+06	9.96e+07	4.36e+07	4.38e-01
1.82e+06	1.09e+08	4.24e+07	3.88e-01
2.89e+06	1.17e+08	4.07e+07	3.46e-01
# Temperature = 30.0
1.41e+03	3.96e+06	3.89e+06	9.83e-01
2.23e+03	4.75e+06	5.16e+06	1.09e+00
3.54e+03	5.84e+06	6.87e+06	1.18e+00
5.61e+03	7.26e+06	8.98e+06	1.24e+00
8.90e+03	9.22e+06	1.17e+07	1.27e+00
1.41e+04	1.20e+07	1.50e+07	1.26e+00
2.23e+04	1.57e+07	1.90e+07	1.21e+00
3.54e+04	2.10e+07	2.36e+07	1.13e+00
5.61e+04	2.77e+07	2.84e+07	1.02e+00
8.90e+04	3.62e+07	3.30e+07	9.14e-01
1.41e+05	4.57e+07	3.70e+07	8.10e-01
# Temperature = 35.0
1.03e+02	1.91e+06	8.72e+05	4.58e-01
1.63e+02	2.11e+06	1.13e+06	5.39e-01
2.59e+02	2.34e+06	1.46e+06	6.25e-01
4.10e+02	2.64e+06	1.92e+06	7.25e-01
6.50e+02	3.03e+06	2.50e+06	8.26e-01
1.03e+03	3.53e+06	3.31e+06	9.37e-01
1.63e+03	4.20e+06	4.36e+06	1.04e+00
2.59e+03	5.09e+06	5.74e+06	1.13e+00
4.10e+03	6.32e+06	7.55e+06	1.19e+00
6.50e+03	8.06e+06	9.92e+06	1.23e+00
1.03e+04	1.03e+07	1.26e+07	1.23e+00
# Temperature = 40.0
1.48e+01	1.36e+06	3.51e+05	2.56e-01
2.34e+01	1.46e+06	4.28e+05	2.94e-01
3.71e+01	1.56e+06	5.30e+05	3.40e-01
5.89e+01	1.68e+06	6.56e+05	3.91e-01
9.34e+01	1.83e+06	8.34e+05	4.58e-01
1.48e+02	2.01e+06	1.07e+06	5.33e-01
2.34e+02	2.24e+06	1.38e+06	6.18e-01
3.71e+02	2.52e+06	1.80e+06	7.12e-01
5.89e+02	2.89e+06	2.34e+06	8.09e-01
9.34e+02	3.38e+06	3.09e+06	9.14e-01
1.48e+03	4.05e+06	4.02e+06	9.92e-01
# Temperature = 45.0
3.47e+00	1.18e+06	2.08e+05	1.77e-01
5.48e+00	1.23e+06	2.26e+05	1.84e-01
8.71e+00	1.28e+06	2.69e+05	2.11e-01
1.38e+01	1.35e+06	3.30e+05	2.45e-01
2.19e+01	1.43e+06	4.04e+05	2.83e-01
3.47e+01	1.52e+06	5.01e+05	3.29e-01
5.48e+01	1.64e+06	6.26e+05	3.83e-01
8.71e+01	1.78e+06	7.91e+05	4.45e-01
1.38e+02	1.96e+06	1.00e+06	5.13e-01
2.19e+02	2.18e+06	1.30e+06	5.95e-01
3.47e+02	2.45e+06	1.67e+06	6.81e-01
# Temperature = 50.0
1.00e+00	1.11e+06	1.49e+05	1.35e-01
1.58e+00	1.15e+06	1.61e+05	1.40e-01
2.51e+00	1.18e+06	1.76e+05	1.50e-01
3.98e+00	1.22e+06	2.02e+05	1.65e-01
6.31e+00	1.27e+06	2.46e+05	1.93e-01
1.00e+01	1.33e+06	2.94e+05	2.21e-01
1.58e+01	1.40e+06	3.60e+05	2.57e-01
2.51e+01	1.49e+06	4.43e+05	2.99e-01
3.98e+01	1.60e+06	5.51e+05	3.45e-01
6.31e+01	1.72e+06	6.95e+05	4.03e-01
1.00e+02	1.89e+06	8.77e+05	4.65e-01
# Temperature = 55.0
3.34e-01	1.05e+06	1.41e+05	1.34e-01
5.28e-01	1.09e+06	1.34e+05	1.24e-01
8.38e-01	1.11e+06	1.28e+05	1.16e-01
1.33e+00	1.14e+06	1.40e+05	1.23e-01
2.11e+00	1.18e+06	1.61e+05	1.37e-01
3.34e+00	1.21e+06	1.87e+05	1.55e-01
5.28e+00	1.25e+06	2.27e+05	1.81e-01
8.38e+00	1.31e+06	2.75e+05	2.10e-01
1.33e+01	1.38e+06	3.38e+05	2.44e-01
2.11e+01	1.47e+06	4.20e+05	2.87e-01
3.34e+01	1.57e+06	5.16e+05	3.29e-01
# Temperature = 59.9
1.31e-01	9.86e+05	1.55e+05	1.58e-01
2.07e-01	1.02e+06	1.26e+05	1.24e-01
3.29e-01	1.04e+06	1.13e+05	1.08e-01
5.21e-01	1.06e+06	1.08e+05	1.01e-01
8.27e-01	1.08e+06	1.13e+05	1.04e-01
1.31e+00	1.11e+06	1.27e+05	1.15e-01
2.07e+00	1.13e+06	1.49e+05	1.31e-01
3.29e+00	1.17e+06	1.79e+05	1.53e-01
5.21e+00	1.22e+06	2.19e+05	1.79e-01
8.27e+00	1.27e+06	2.69e+05	2.10e-01
1.31e+01	1.35e+06	3.32e+05	2.46e-01
# Temperature = 70.0
3.08e-02	8.89e+05	2.23e+05	2.50e-01
4.87e-02	9.52e+05	1.69e+05	1.78e-01
7.73e-02	9.83e+05	1.36e+05	1.38e-01
1.23e-01	1.01e+06	1.09e+05	1.08e-01
1.94e-01	1.03e+06	9.36e+04	9.13e-02
3.08e-01	1.04e+06	8.97e+04	8.60e-02
4.87e-01	1.05e+06	9.28e+04	8.78e-02
7.73e-01	1.08e+06	1.04e+05	9.61e-02
1.23e+00	1.11e+06	1.22e+05	1.10e-01
1.94e+00	1.13e+06	1.47e+05	1.30e-01
3.08e+00	1.18e+06	1.82e+05	1.54e-01
# Temperature = 80.0
7.50e-03	7.40e+05	2.70e+05	3.65e-01
1.18e-02	8.21e+05	2.27e+05	2.76e-01
1.88e-02	8.88e+05	1.81e+05	2.05e-01
2.98e-02	9.25e+05	1.42e+05	1.53e-01
4.73e-02	9.55e+05	1.10e+05	1.15e-01
7.50e-02	9.69e+05	8.88e+04	9.10e-02
1.18e-01	9.84e+05	7.70e+04	7.78e-02
1.88e-01	9.99e+05	7.22e+04	7.23e-02
2.98e-01	1.01e+06	7.55e+04	7.41e-02
4.73e-01	1.03e+06	8.58e+04	8.32e-02
7.50e-01	1.06e+06	1.01e+05	9.60e-02
# Temperature = 90.0
2.15e-03	5.85e+05	2.83e+05	4.83e-01
3.40e-03	6.88e+05	2.71e+05	3.95e-01
5.40e-03	7.78e+05	2.43e+05	3.13e-01
8.56e-03	8.50e+05	1.97e+05	2.30e-01
1.36e-02	9.00e+05	1.53e+05	1.70e-01
2.15e-02	9.29e+05	1.17e+05	1.25e-01
3.40e-02	9.50e+05	9.00e+04	9.50e-02
5.40e-02	9.65e+05	7.34e+04	7.66e-02
8.56e-02	9.79e+05	6.51e+04	6.67e-02
1.36e-01	9.86e+05	6.37e+04	6.47e-02
2.15e-01	1.01e+06	6.81e+04	6.75e-02
# Temperature = 100.0
6.76e-04	4.54e+05	2.73e+05	6.02e-01
1.07e-03	5.56e+05	2.92e+05	5.25e-01
1.70e-03	6.60e+05	2.79e+05	4.23e-01
2.69e-03	7.53e+05	2.51e+05	3.32e-01
4.27e-03	8.31e+05	2.09e+05	2.52e-01
6.76e-03	8.80e+05	1.64e+05	1.86e-01
1.07e-02	9.16e+05	1.24e+05	1.36e-01
1.70e-02	9.37e+05	9.51e+04	1.01e-01
2.69e-02	9.58e+05	7.53e+04	7.82e-02
4.27e-02	9.66e+05	6.29e+04	6.50e-02
6.76e-02	9.87e+05	5.89e+04	5.96e-02
# Temperature = 110.0
2.74e-04	3.05e+05	2.16e+05	7.09e-01
4.33e-04	3.99e+05	2.54e+05	6.36e-01
6.88e-04	4.90e+05	2.73e+05	5.59e-01
1.09e-03	5.94e+05	2.70e+05	4.54e-01
1.73e-03	6.86e+05	2.44e+05	3.57e-01
2.74e-03	7.59e+05	2.06e+05	2.70e-01
4.33e-03	8.18e+05	1.64e+05	2.00e-01
6.88e-03	8.51e+05	1.25e+05	1.47e-01
1.09e-02	8.84e+05	9.57e+04	1.09e-01
1.73e-02	8.91e+05	7.26e+04	8.14e-02
2.74e-02	9.11e+05	6.06e+04	6.63e-02
# Temperature = 120.0
1.44e-04	2.43e+05	1.83e+05	7.53e-01
2.28e-04	3.07e+05	2.13e+05	6.93e-01
3.61e-04	3.78e+05	2.48e+05	6.55e-01
5.73e-04	4.76e+05	2.68e+05	5.64e-01
9.09e-04	5.74e+05	2.70e+05	4.72e-01
1.44e-03	6.70e+05	2.49e+05	3.72e-01
2.28e-03	7.48e+05	2.12e+05	2.84e-01
3.61e-03	8.06e+05	1.70e+05	2.11e-01
5.73e-03	8.52e+05	1.32e+05	1.56e-01
9.09e-03	8.71e+05	9.88e+04	1.13e-01
1.44e-02	8.97e+05	7.67e+04	8.58e-02
# Temperature = 130.0
7.78e-05	1.93e+05	1.46e+05	7.58e-01
1.23e-04	2.48e+05	1.79e+05	7.21e-01
1.95e-04	3.00e+05	2.13e+05	7.11e-01
3.10e-04	3.78e+05	2.52e+05	6.66e-01
4.91e-04	4.70e+05	2.74e+05	5.82e-01
7.78e-04	5.73e+05	2.78e+05	4.84e-01
1.23e-03	6.70e+05	2.59e+05	3.85e-01
1.95e-03	7.54e+05	2.22e+05	2.95e-01
3.10e-03	8.19e+05	1.80e+05	2.19e-01
4.91e-03	8.58e+05	1.38e+05	1.61e-01
7.78e-03	8.90e+05	1.07e+05	1.19e-01
# Temperature = 140.0
3.95e-05	1.51e+05	1.04e+05	6.91e-01
6.24e-05	1.70e+05	1.32e+05	7.77e-01
9.91e-05	2.13e+05	1.60e+05	7.48e-01
1.57e-04	2.67e+05	1.98e+05	7.43e-01
2.49e-04	3.36e+05	2.31e+05	6.88e-01
3.95e-04	4.20e+05	2.56e+05	6.08e-01
6.24e-04	5.15e+05	2.62e+05	5.08e-01
9.91e-04	6.12e+05	2.47e+05	4.05e-01
1.57e-03	6.96e+05	2.15e+05	3.11e-01
2.49e-03	7.56e+05	1.75e+05	2.31e-01
3.95e-03	7.98e+05	1.37e+05	1.72e-01
# Temperature = 150.0
2.12e-05	1.23e+05	7.75e+04	6.25e-01
3.35e-05	1.43e+05	9.36e+04	6.55e-01
5.32e-05	1.76e+05	1.24e+05	7.05e-01
8.44e-05	2.10e+05	1.57e+05	7.46e-01
1.34e-04	2.59e+05	1.90e+05	7.36e-01
2.12e-04	3.24e+05	2.24e+05	6.93e-01
3.35e-04	4.06e+05	2.52e+05	6.20e-01
5.32e-04	5.02e+05	2.63e+05	5.24e-01
8.44e-04	5.99e+05	2.52e+05	4.21e-01
1.34e-03	6.82e+05	2.23e+05	3.27e-01
2.12e-03	7.50e+05	1.87e+05	2.49e-01
# Temperature = 160.0
7.55e-06	9.51e+04	5.24e+04	5.52e-01
1.19e-05	1.08e+05	6.08e+04	5.60e-01
1.90e-05	1.25e+05	7.55e+04	6.03e-01
3.00e-05	1.48e+05	9.31e+04	6.29e-01
4.76e-05	1.75e+05	1.19e+05	6.75e-01
7.55e-05	2.12e+05	1.43e+05	6.71e-01
1.19e-04	2.61e+05	1.68e+05	6.45e-01
1.90e-04	3.23e+05	1.88e+05	5.81e-01
3.00e-04	3.93e+05	1.97e+05	5.01e-01
4.76e-04	4.65e+05	1.92e+05	4.13e-01
7.55e-04	5.29e+05	1.74e+05	3.29e-01
# Temperature = 170.0
1.57e-06	6.16e+04	1.94e+04	3.15e-01
2.48e-06	6.72e+04	2.77e+04	4.12e-01
3.94e-06	7.64e+04	3.30e+04	4.32e-01
6.25e-06	8.46e+04	4.26e+04	5.03e-01
9.91e-06	9.69e+04	5.38e+04	5.54e-01
1.57e-05	1.12e+05	6.66e+04	5.92e-01
2.48e-05	1.34e+05	8.04e+04	6.02e-01
3.94e-05	1.61e+05	9.52e+04	5.92e-01
6.25e-05	1.94e+05	1.08e+05	5.53e-01
9.91e-05	2.34e+05	1.15e+05	4.92e-01
1.57e-04	2.74e+05	1.15e+05	4.20e-01
