# Temp = -10	1.0e+14	1.0
# äpé¸îgêî	íôë†íeê´ó¶	ëπé∏íeê´ó¶	ëπé∏ê≥ê⁄	

1.00e+14	9.08e+08	2.46e+07	0.0271
1.58e+14	9.13e+08	2.35e+07	0.0258
2.51e+14	9.18e+08	2.41e+07	0.0263
3.98e+14	9.22e+08	2.36e+07	0.0256
6.31e+14	9.27e+08	2.38e+07	0.0257
1.00e+15	9.32e+08	2.37e+07	0.0255
1.58e+15	9.37e+08	2.37e+07	0.0253
2.51e+15	9.41e+08	2.37e+07	0.0252
3.98e+15	9.46e+08	2.42e+07	0.0256
6.31e+15	9.51e+08	2.45e+07	0.0258
1.00e+16	9.56e+08	2.49e+07	0.026


# Temp = -5	3.2e+13	1.0
# äpé¸îgêî	íôë†íeê´ó¶	ëπé∏íeê´ó¶	ëπé∏ê≥ê⁄	

3.20e+13	8.86e+08	2.53e+07	0.0286
5.06e+13	8.91e+08	2.46e+07	0.0276
8.03e+13	8.96e+08	2.45e+07	0.0273
1.27e+14	9.01e+08	2.42e+07	0.0268
2.02e+14	9.06e+08	2.41e+07	0.0266
3.20e+14	9.11e+08	2.39e+07	0.0263
5.06e+14	9.16e+08	2.38e+07	0.026
8.03e+14	9.20e+08	2.40e+07	0.026
1.27e+15	9.25e+08	2.41e+07	0.026
2.02e+15	9.30e+08	2.41e+07	0.0259
3.20e+15	9.35e+08	2.42e+07	0.0259


# Temp = 0	1.0e+13	1.0
# äpé¸îgêî	íôë†íeê´ó¶	ëπé∏íeê´ó¶	ëπé∏ê≥ê⁄	

1.00e+13	8.60e+08	2.83e+07	0.0329
1.58e+13	8.66e+08	2.64e+07	0.0305
2.51e+13	8.72e+08	2.62e+07	0.03
3.98e+13	8.77e+08	2.57e+07	0.0293
6.31e+13	8.82e+08	2.53e+07	0.0287
1.00e+14	8.87e+08	2.50e+07	0.0282
1.58e+14	8.92e+08	2.48e+07	0.0278
2.51e+14	8.97e+08	2.47e+07	0.0276
3.98e+14	9.02e+08	2.47e+07	0.0274
6.31e+14	9.07e+08	2.47e+07	0.0273
1.00e+15	9.13e+08	2.46e+07	0.027


# Temp = 5	3.2e+12	1.0
# äpé¸îgêî	íôë†íeê´ó¶	ëπé∏íeê´ó¶	ëπé∏ê≥ê⁄	

3.20e+12	8.24e+08	3.43e+07	0.0416
5.06e+12	8.32e+08	3.19e+07	0.0383
8.03e+12	8.38e+08	3.07e+07	0.0366
1.27e+13	8.44e+08	2.93e+07	0.0347
2.02e+13	8.51e+08	2.86e+07	0.0336
3.20e+13	8.57e+08	2.80e+07	0.0326
5.06e+13	8.62e+08	2.74e+07	0.0318
8.03e+13	8.67e+08	2.70e+07	0.0311
1.27e+14	8.73e+08	2.66e+07	0.0305
2.02e+14	8.79e+08	2.63e+07	0.0299
3.20e+14	8.85e+08	2.60e+07	0.0294


# Temp = 10	1.0e+12	1.0
# äpé¸îgêî	íôë†íeê´ó¶	ëπé∏íeê´ó¶	ëπé∏ê≥ê⁄	

1.00e+12	7.59e+08	5.09e+07	0.0671
1.58e+12	7.71e+08	4.69e+07	0.0608
2.51e+12	7.82e+08	4.35e+07	0.0557
3.98e+12	7.92e+08	4.04e+07	0.051
6.31e+12	8.01e+08	3.79e+07	0.0473
1.00e+13	8.09e+08	3.58e+07	0.0443
1.58e+13	8.17e+08	3.44e+07	0.0421
2.51e+13	8.24e+08	3.30e+07	0.04
3.98e+13	8.31e+08	3.18e+07	0.0382
6.31e+13	8.38e+08	3.08e+07	0.0368
1.00e+14	8.46e+08	2.99e+07	0.0353


# Temp = 15	3.2e+11	1.0
# äpé¸îgêî	íôë†íeê´ó¶	ëπé∏íeê´ó¶	ëπé∏ê≥ê⁄	

3.20e+11	6.23e+08	8.77e+07	0.141
5.06e+11	6.48e+08	8.05e+07	0.124
8.03e+11	6.69e+08	7.47e+07	0.112
1.27e+12	6.89e+08	6.89e+07	0.1
2.02e+12	7.07e+08	6.34e+07	0.0898
3.20e+12	7.22e+08	5.85e+07	0.0811
5.06e+12	7.36e+08	5.39e+07	0.0732
8.03e+12	7.49e+08	5.00e+07	0.0667
1.27e+13	7.61e+08	4.66e+07	0.0612
2.02e+13	7.71e+08	4.38e+07	0.0568
3.20e+13	7.82e+08	4.11e+07	0.0525


# Temp = 20	1.0e+11	1.0
# äpé¸îgêî	íôë†íeê´ó¶	ëπé∏íeê´ó¶	ëπé∏ê≥ê⁄	

1.00e+11	3.74e+08	1.18e+08	0.316
1.58e+11	4.07e+08	1.16e+08	0.285
2.51e+11	4.41e+08	1.14e+08	0.258
3.98e+11	4.74e+08	1.10e+08	0.232
6.31e+11	5.05e+08	1.06e+08	0.209
1.00e+12	5.35e+08	1.00e+08	0.188
1.58e+12	5.64e+08	9.44e+07	0.167
2.51e+12	5.90e+08	8.81e+07	0.149
3.98e+12	6.14e+08	8.20e+07	0.133
6.31e+12	6.36e+08	7.58e+07	0.119
1.00e+13	6.55e+08	7.00e+07	0.107


# Temp = 25	3.2e+10	1.0
# äpé¸îgêî	íôë†íeê´ó¶	ëπé∏íeê´ó¶	ëπé∏ê≥ê⁄	

3.20e+10	9.41e+07	7.13e+07	0.758
5.06e+10	1.16e+08	8.20e+07	0.705
8.03e+10	1.44e+08	9.29e+07	0.645
1.27e+11	1.74e+08	1.02e+08	0.587
2.02e+11	2.06e+08	1.10e+08	0.533
3.20e+11	2.43e+08	1.16e+08	0.477
5.06e+11	2.80e+08	1.19e+08	0.426
8.03e+11	3.18e+08	1.21e+08	0.38
1.27e+12	3.54e+08	1.20e+08	0.339
2.02e+12	3.91e+08	1.18e+08	0.3
3.20e+12	4.23e+08	1.14e+08	0.269


# Temp = 30	1.0e+10	1.0
# äpé¸îgêî	íôë†íeê´ó¶	ëπé∏íeê´ó¶	ëπé∏ê≥ê⁄	

1.00e+10	1.57e+07	1.63e+07	1.04
1.58e+10	1.99e+07	2.07e+07	1.04
2.51e+10	2.55e+07	2.65e+07	1.04
3.98e+10	3.30e+07	3.35e+07	1.01
6.31e+10	4.28e+07	4.20e+07	0.98
1.00e+11	5.54e+07	5.19e+07	0.936
1.58e+11	7.11e+07	6.27e+07	0.882
2.51e+11	9.04e+07	7.41e+07	0.819
3.98e+11	1.14e+08	8.56e+07	0.752
6.31e+11	1.42e+08	9.64e+07	0.679
1.00e+12	1.74e+08	1.06e+08	0.61


# Temp = 35	3.2e+09	1.0
# äpé¸îgêî	íôë†íeê´ó¶	ëπé∏íeê´ó¶	ëπé∏ê≥ê⁄	

3.20e+09	5.43e+06	3.41e+06	0.628
5.06e+09	6.19e+06	4.54e+06	0.733
8.03e+09	7.21e+06	6.03e+06	0.837
1.27e+10	8.60e+06	8.01e+06	0.931
2.02e+10	1.05e+07	1.06e+07	1.01
3.20e+10	1.31e+07	1.40e+07	1.07
5.06e+10	1.67e+07	1.85e+07	1.11
8.03e+10	2.13e+07	2.38e+07	1.12
1.27e+11	2.79e+07	3.09e+07	1.11
2.02e+11	3.64e+07	3.91e+07	1.07
3.20e+11	4.69e+07	4.84e+07	1.03


# Temp = 40	1.0e+09	1.0
# äpé¸îgêî	íôë†íeê´ó¶	ëπé∏íeê´ó¶	ëπé∏ê≥ê⁄	

1.00e+09	3.85e+06	1.11e+06	0.289
1.58e+09	4.11e+06	1.43e+06	0.347
2.51e+09	4.44e+06	1.84e+06	0.415
3.98e+09	4.86e+06	2.40e+06	0.494
6.31e+09	5.40e+06	3.15e+06	0.584
1.00e+10	6.07e+06	4.12e+06	0.679
1.58e+10	7.02e+06	5.51e+06	0.785
2.51e+10	8.26e+06	7.34e+06	0.889
3.98e+10	9.95e+06	9.80e+06	0.985
6.31e+10	1.22e+07	1.30e+07	1.06
1.00e+11	1.54e+07	1.72e+07	1.12


# Temp = 45	3.2e+08	1.0
# äpé¸îgêî	íôë†íeê´ó¶	ëπé∏íeê´ó¶	ëπé∏ê≥ê⁄	

3.20e+08	3.36e+06	5.39e+05	0.16
5.06e+08	3.49e+06	6.60e+05	0.189
8.03e+08	3.66e+06	8.24e+05	0.225
1.27e+09	3.86e+06	1.03e+06	0.268
2.02e+09	4.11e+06	1.32e+06	0.321
3.20e+09	4.41e+06	1.68e+06	0.382
5.06e+09	4.81e+06	2.19e+06	0.456
8.03e+09	5.28e+06	2.84e+06	0.537
1.27e+10	5.88e+06	3.66e+06	0.622
2.02e+10	6.69e+06	4.79e+06	0.715
3.20e+10	7.85e+06	6.41e+06	0.817


# Temp = 50	1.0e+08	1.0
# äpé¸îgêî	íôë†íeê´ó¶	ëπé∏íeê´ó¶	ëπé∏ê≥ê⁄	

1.00e+08	3.15e+06	3.29e+05	0.104
1.58e+08	3.23e+06	3.92e+05	0.121
2.51e+08	3.33e+06	4.68e+05	0.14
3.98e+08	3.46e+06	5.72e+05	0.166
6.31e+08	3.60e+06	7.02e+05	0.195
1.00e+09	3.77e+06	8.69e+05	0.231
1.58e+09	3.98e+06	1.09e+06	0.274
2.51e+09	4.23e+06	1.38e+06	0.326
3.98e+09	4.56e+06	1.76e+06	0.387
6.31e+09	4.97e+06	2.31e+06	0.464
1.00e+10	5.44e+06	2.97e+06	0.546


# Temp = 55	3.2e+07	1.0
# äpé¸îgêî	íôë†íeê´ó¶	ëπé∏íeê´ó¶	ëπé∏ê≥ê⁄	

3.20e+07	3.05e+06	2.25e+05	0.074
5.06e+07	3.10e+06	2.61e+05	0.0842
8.03e+07	3.17e+06	3.08e+05	0.0972
1.27e+08	3.25e+06	3.67e+05	0.113
2.02e+08	3.35e+06	4.41e+05	0.132
3.20e+08	3.46e+06	5.33e+05	0.154
5.06e+08	3.60e+06	6.50e+05	0.181
8.03e+08	3.76e+06	8.04e+05	0.214
1.27e+09	3.96e+06	1.00e+06	0.253
2.02e+09	4.20e+06	1.28e+06	0.304
3.20e+09	4.48e+06	1.64e+06	0.366


# Temp = 60	1.0e+07	1.0
# äpé¸îgêî	íôë†íeê´ó¶	ëπé∏íeê´ó¶	ëπé∏ê≥ê⁄	

1.00e+07	2.99e+06	1.75e+05	0.0585
1.58e+07	3.03e+06	1.93e+05	0.0638
2.51e+07	3.08e+06	2.21e+05	0.0715
3.98e+07	3.14e+06	2.57e+05	0.0817
6.31e+07	3.21e+06	3.05e+05	0.0948
1.00e+08	3.30e+06	3.65e+05	0.111
1.58e+08	3.39e+06	4.36e+05	0.129
2.51e+08	3.51e+06	5.28e+05	0.151
3.98e+08	3.65e+06	6.44e+05	0.176
6.31e+08	3.80e+06	7.99e+05	0.21
1.00e+09	3.97e+06	9.96e+05	0.251


# Temp = 70	1.0e+06	1.0
# äpé¸îgêî	íôë†íeê´ó¶	ëπé∏íeê´ó¶	ëπé∏ê≥ê⁄	

1.00e+06	2.98e+06	1.46e+05	0.0488
1.58e+06	3.01e+06	1.36e+05	0.0452
2.51e+06	3.04e+06	1.42e+05	0.0468
3.98e+06	3.08e+06	1.55e+05	0.0504
6.31e+06	3.12e+06	1.77e+05	0.0569
1.00e+07	3.17e+06	2.08e+05	0.0658
1.58e+07	3.22e+06	2.47e+05	0.0768
2.51e+07	3.29e+06	2.95e+05	0.0898
3.98e+07	3.37e+06	3.54e+05	0.105
6.31e+07	3.45e+06	4.30e+05	0.125
1.00e+08	3.54e+06	5.09e+05	0.144


# Temp = 80	1.0e+05	1.0
# äpé¸îgêî	íôë†íeê´ó¶	ëπé∏íeê´ó¶	ëπé∏ê≥ê⁄	

1.00e+05	3.01e+06	1.54e+05	0.051
1.58e+05	3.05e+06	1.37e+05	0.0448
2.51e+05	3.08e+06	1.23e+05	0.04
3.98e+05	3.11e+06	1.19e+05	0.0383
6.31e+05	3.13e+06	1.24e+05	0.0396
1.00e+06	3.16e+06	1.35e+05	0.0426
1.58e+06	3.19e+06	1.55e+05	0.0484
2.51e+06	3.23e+06	1.81e+05	0.056
3.98e+06	3.29e+06	2.16e+05	0.0656
6.31e+06	3.33e+06	2.61e+05	0.0784
1.00e+07	3.38e+06	3.15e+05	0.0931


# Temp = 90	1.0e+04	1.0
# äpé¸îgêî	íôë†íeê´ó¶	ëπé∏íeê´ó¶	ëπé∏ê≥ê⁄	

1.00e+04	3.04e+06	1.95e+05	0.0641
1.58e+04	3.09e+06	1.59e+05	0.0516
2.51e+04	3.12e+06	1.37e+05	0.0439
3.98e+04	3.16e+06	1.18e+05	0.0374
6.31e+04	3.18e+06	1.10e+05	0.0346
1.00e+05	3.20e+06	1.07e+05	0.0333
1.58e+05	3.23e+06	1.12e+05	0.0347
2.51e+05	3.25e+06	1.24e+05	0.0382
3.98e+05	3.29e+06	1.43e+05	0.0435
6.31e+05	3.31e+06	1.70e+05	0.0514
1.00e+06	3.34e+06	2.05e+05	0.0613


# Temp = 100	1.0e+03	1.0
# äpé¸îgêî	íôë†íeê´ó¶	ëπé∏íeê´ó¶	ëπé∏ê≥ê⁄	

1.00e+03	3.03e+06	2.37e+05	0.0783
1.58e+03	3.10e+06	2.06e+05	0.0663
2.51e+03	3.16e+06	1.75e+05	0.0553
3.98e+03	3.20e+06	1.44e+05	0.0449
6.31e+03	3.23e+06	1.24e+05	0.0383
1.00e+04	3.26e+06	1.08e+05	0.033
1.58e+04	3.28e+06	1.00e+05	0.0305
2.51e+04	3.30e+06	1.00e+05	0.0303
3.98e+04	3.33e+06	1.07e+05	0.0322
6.31e+04	3.34e+06	1.21e+05	0.0363
1.00e+05	3.35e+06	1.42e+05	0.0425


# Temp = 110	1.0e+02	1.0
# äpé¸îgêî	íôë†íeê´ó¶	ëπé∏íeê´ó¶	ëπé∏ê≥ê⁄	

1.00e+02	3.00e+06	2.69e+05	0.0897
1.58e+02	3.09e+06	2.49e+05	0.0805
2.51e+02	3.18e+06	2.21e+05	0.0695
3.98e+02	3.23e+06	1.85e+05	0.0573
6.31e+02	3.28e+06	1.51e+05	0.0462
1.00e+03	3.31e+06	1.29e+05	0.0389
1.58e+03	3.34e+06	1.10e+05	0.0331
2.51e+03	3.36e+06	1.00e+05	0.0297
3.98e+03	3.39e+06	9.67e+04	0.0285
6.31e+03	3.40e+06	1.00e+05	0.0296
1.00e+04	3.40e+06	1.11e+05	0.0327


# Temp = 120	1.0e+01	1.0
# äpé¸îgêî	íôë†íeê´ó¶	ëπé∏íeê´ó¶	ëπé∏ê≥ê⁄	

1.00e+01	2.97e+06	2.80e+05	0.0943
1.58e+01	3.07e+06	2.73e+05	0.0889
2.51e+01	3.16e+06	2.60e+05	0.0822
3.98e+01	3.25e+06	2.31e+05	0.0712
6.31e+01	3.31e+06	1.93e+05	0.0583
1.00e+02	3.36e+06	1.63e+05	0.0485
1.58e+02	3.40e+06	1.35e+05	0.0398
2.51e+02	3.43e+06	1.16e+05	0.0339
3.98e+02	3.46e+06	1.04e+05	0.0302
6.31e+02	3.46e+06	9.83e+04	0.0284
1.00e+03	3.46e+06	9.94e+04	0.0287


# Temp = 130	1.0e+00	1.0
# äpé¸îgêî	íôë†íeê´ó¶	ëπé∏íeê´ó¶	ëπé∏ê≥ê⁄	

1.00e+00	2.91e+06	2.79e+05	0.0957
1.58e+00	3.03e+06	2.96e+05	0.0978
2.51e+00	3.13e+06	3.00e+05	0.096
3.98e+00	3.24e+06	2.80e+05	0.0865
6.31e+00	3.32e+06	2.51e+05	0.0755
1.00e+01	3.40e+06	2.15e+05	0.0634
1.58e+01	3.45e+06	1.81e+05	0.0524
2.51e+01	3.49e+06	1.52e+05	0.0436
3.98e+01	3.53e+06	1.32e+05	0.0373
6.31e+01	3.55e+06	1.17e+05	0.0329
1.00e+02	3.55e+06	1.11e+05	0.0311


# Temp = 140	1.0e-01	1.0
# äpé¸îgêî	íôë†íeê´ó¶	ëπé∏íeê´ó¶	ëπé∏ê≥ê⁄	

1.00e-01	2.43e+06	3.48e+05	0.144
1.58e-01	2.53e+06	3.82e+05	0.151
2.51e-01	2.68e+06	4.17e+05	0.156
3.98e-01	2.82e+06	4.33e+05	0.153
6.31e-01	2.97e+06	4.17e+05	0.141
1.00e+00	3.09e+06	3.87e+05	0.125
1.58e+00	3.21e+06	3.47e+05	0.108
2.51e+00	3.31e+06	3.05e+05	0.0921
3.98e+00	3.39e+06	2.66e+05	0.0783
6.31e+00	3.45e+06	2.30e+05	0.0668
1.00e+01	3.48e+06	2.05e+05	0.0587


# Temp = 150	1.0e-02	1.0
# äpé¸îgêî	íôë†íeê´ó¶	ëπé∏íeê´ó¶	ëπé∏ê≥ê⁄	

1.00e-02	2.01e+06	2.19e+05	0.109
1.58e-02	2.06e+06	2.68e+05	0.13
2.51e-02	2.14e+06	3.10e+05	0.145
3.98e-02	2.25e+06	3.61e+05	0.16
6.31e-02	2.38e+06	3.92e+05	0.165
1.00e-01	2.52e+06	4.09e+05	0.162
1.58e-01	2.65e+06	4.09e+05	0.154
2.51e-01	2.78e+06	3.96e+05	0.142
3.98e-01	2.91e+06	3.77e+05	0.13
6.31e-01	3.00e+06	3.57e+05	0.119
1.00e+00	3.08e+06	3.41e+05	0.111


# Temp = 160	1.0e-03	1.0
# äpé¸îgêî	íôë†íeê´ó¶	ëπé∏íeê´ó¶	ëπé∏ê≥ê⁄	

1.00e-03	1.90e+06	1.11e+05	0.0586
1.58e-03	1.92e+06	1.40e+05	0.0726
2.51e-03	1.96e+06	1.75e+05	0.0893
3.98e-03	2.01e+06	2.14e+05	0.106
6.31e-03	2.08e+06	2.60e+05	0.125
1.00e-02	2.17e+06	3.00e+05	0.138
1.58e-02	2.27e+06	3.32e+05	0.146
2.51e-02	2.38e+06	3.50e+05	0.147
3.98e-02	2.51e+06	3.58e+05	0.143
6.31e-02	2.60e+06	3.57e+05	0.137
1.00e-01	2.69e+06	3.51e+05	0.13


